areaType,areaName,areaCode,date,newDeaths28DaysByDeathDate,cumDeaths28DaysByDeathDate
overview,United Kingdom,K02000001,2020-10-29,72,46226
overview,United Kingdom,K02000001,2020-10-28,158,46154
overview,United Kingdom,K02000001,2020-10-27,210,45996
overview,United Kingdom,K02000001,2020-10-26,242,45786
overview,United Kingdom,K02000001,2020-10-25,225,45544
overview,United Kingdom,K02000001,2020-10-24,197,45319
overview,United Kingdom,K02000001,2020-10-23,191,45122
overview,United Kingdom,K02000001,2020-10-22,216,44931
overview,United Kingdom,K02000001,2020-10-21,210,44715
overview,United Kingdom,K02000001,2020-10-20,187,44505
overview,United Kingdom,K02000001,2020-10-19,179,44318
overview,United Kingdom,K02000001,2020-10-18,159,44139
overview,United Kingdom,K02000001,2020-10-17,175,43980
overview,United Kingdom,K02000001,2020-10-16,146,43805
overview,United Kingdom,K02000001,2020-10-15,151,43659
overview,United Kingdom,K02000001,2020-10-14,113,43508
overview,United Kingdom,K02000001,2020-10-13,108,43395
overview,United Kingdom,K02000001,2020-10-12,111,43287
overview,United Kingdom,K02000001,2020-10-11,122,43176
overview,United Kingdom,K02000001,2020-10-10,100,43054
overview,United Kingdom,K02000001,2020-10-09,80,42954
overview,United Kingdom,K02000001,2020-10-08,93,42874
overview,United Kingdom,K02000001,2020-10-07,99,42781
overview,United Kingdom,K02000001,2020-10-06,69,42682
overview,United Kingdom,K02000001,2020-10-05,69,42613
overview,United Kingdom,K02000001,2020-10-04,60,42544
overview,United Kingdom,K02000001,2020-10-03,65,42484
overview,United Kingdom,K02000001,2020-10-02,69,42419
overview,United Kingdom,K02000001,2020-10-01,65,42350
overview,United Kingdom,K02000001,2020-09-30,58,42285
overview,United Kingdom,K02000001,2020-09-29,47,42227
overview,United Kingdom,K02000001,2020-09-28,54,42180
overview,United Kingdom,K02000001,2020-09-27,45,42126
overview,United Kingdom,K02000001,2020-09-26,40,42081
overview,United Kingdom,K02000001,2020-09-25,32,42041
overview,United Kingdom,K02000001,2020-09-24,34,42009
overview,United Kingdom,K02000001,2020-09-23,56,41975
overview,United Kingdom,K02000001,2020-09-22,39,41919
overview,United Kingdom,K02000001,2020-09-21,28,41880
overview,United Kingdom,K02000001,2020-09-20,31,41852
overview,United Kingdom,K02000001,2020-09-19,19,41821
overview,United Kingdom,K02000001,2020-09-18,23,41802
overview,United Kingdom,K02000001,2020-09-17,27,41779
overview,United Kingdom,K02000001,2020-09-16,26,41752
overview,United Kingdom,K02000001,2020-09-15,17,41726
overview,United Kingdom,K02000001,2020-09-14,21,41709
overview,United Kingdom,K02000001,2020-09-13,16,41688
overview,United Kingdom,K02000001,2020-09-12,18,41672
overview,United Kingdom,K02000001,2020-09-11,13,41654
overview,United Kingdom,K02000001,2020-09-10,13,41641
overview,United Kingdom,K02000001,2020-09-09,9,41628
overview,United Kingdom,K02000001,2020-09-08,9,41619
overview,United Kingdom,K02000001,2020-09-07,15,41610
overview,United Kingdom,K02000001,2020-09-06,8,41595
overview,United Kingdom,K02000001,2020-09-05,13,41587
overview,United Kingdom,K02000001,2020-09-04,7,41574
overview,United Kingdom,K02000001,2020-09-03,11,41567
overview,United Kingdom,K02000001,2020-09-02,9,41556
overview,United Kingdom,K02000001,2020-09-01,3,41547
overview,United Kingdom,K02000001,2020-08-31,9,41544
overview,United Kingdom,K02000001,2020-08-30,6,41535
overview,United Kingdom,K02000001,2020-08-29,4,41529
overview,United Kingdom,K02000001,2020-08-28,10,41525
overview,United Kingdom,K02000001,2020-08-27,8,41515
overview,United Kingdom,K02000001,2020-08-26,11,41507
overview,United Kingdom,K02000001,2020-08-25,12,41496
overview,United Kingdom,K02000001,2020-08-24,6,41484
overview,United Kingdom,K02000001,2020-08-23,14,41478
overview,United Kingdom,K02000001,2020-08-22,8,41464
overview,United Kingdom,K02000001,2020-08-21,7,41456
overview,United Kingdom,K02000001,2020-08-20,8,41449
overview,United Kingdom,K02000001,2020-08-19,3,41441
overview,United Kingdom,K02000001,2020-08-18,10,41438
overview,United Kingdom,K02000001,2020-08-17,12,41428
overview,United Kingdom,K02000001,2020-08-16,4,41416
overview,United Kingdom,K02000001,2020-08-15,12,41412
overview,United Kingdom,K02000001,2020-08-14,7,41400
overview,United Kingdom,K02000001,2020-08-13,9,41393
overview,United Kingdom,K02000001,2020-08-12,7,41384
overview,United Kingdom,K02000001,2020-08-11,10,41377
overview,United Kingdom,K02000001,2020-08-10,13,41367
overview,United Kingdom,K02000001,2020-08-09,8,41354
overview,United Kingdom,K02000001,2020-08-08,14,41346
overview,United Kingdom,K02000001,2020-08-07,12,41332
overview,United Kingdom,K02000001,2020-08-06,9,41320
overview,United Kingdom,K02000001,2020-08-05,6,41311
overview,United Kingdom,K02000001,2020-08-04,14,41305
overview,United Kingdom,K02000001,2020-08-03,15,41291
overview,United Kingdom,K02000001,2020-08-02,10,41276
overview,United Kingdom,K02000001,2020-08-01,11,41266
overview,United Kingdom,K02000001,2020-07-31,14,41255
overview,United Kingdom,K02000001,2020-07-30,10,41241
overview,United Kingdom,K02000001,2020-07-29,12,41231
overview,United Kingdom,K02000001,2020-07-28,12,41219
overview,United Kingdom,K02000001,2020-07-27,11,41207
overview,United Kingdom,K02000001,2020-07-26,16,41196
overview,United Kingdom,K02000001,2020-07-25,15,41180
overview,United Kingdom,K02000001,2020-07-24,7,41165
overview,United Kingdom,K02000001,2020-07-23,16,41158
overview,United Kingdom,K02000001,2020-07-22,17,41142
overview,United Kingdom,K02000001,2020-07-21,20,41125
overview,United Kingdom,K02000001,2020-07-20,12,41105
overview,United Kingdom,K02000001,2020-07-19,14,41093
overview,United Kingdom,K02000001,2020-07-18,14,41079
overview,United Kingdom,K02000001,2020-07-17,18,41065
overview,United Kingdom,K02000001,2020-07-16,13,41047
overview,United Kingdom,K02000001,2020-07-15,20,41034
overview,United Kingdom,K02000001,2020-07-14,21,41014
overview,United Kingdom,K02000001,2020-07-13,24,40993
overview,United Kingdom,K02000001,2020-07-12,13,40969
overview,United Kingdom,K02000001,2020-07-11,22,40956
overview,United Kingdom,K02000001,2020-07-10,21,40934
overview,United Kingdom,K02000001,2020-07-09,37,40913
overview,United Kingdom,K02000001,2020-07-08,24,40876
overview,United Kingdom,K02000001,2020-07-07,27,40852
overview,United Kingdom,K02000001,2020-07-06,35,40825
overview,United Kingdom,K02000001,2020-07-05,27,40790
overview,United Kingdom,K02000001,2020-07-04,33,40763
overview,United Kingdom,K02000001,2020-07-03,29,40730
overview,United Kingdom,K02000001,2020-07-02,43,40701
overview,United Kingdom,K02000001,2020-07-01,27,40658
overview,United Kingdom,K02000001,2020-06-30,47,40631
overview,United Kingdom,K02000001,2020-06-29,38,40584
overview,United Kingdom,K02000001,2020-06-28,44,40546
overview,United Kingdom,K02000001,2020-06-27,49,40502
overview,United Kingdom,K02000001,2020-06-26,42,40453
overview,United Kingdom,K02000001,2020-06-25,67,40411
overview,United Kingdom,K02000001,2020-06-24,75,40344
overview,United Kingdom,K02000001,2020-06-23,63,40269
overview,United Kingdom,K02000001,2020-06-22,64,40206
overview,United Kingdom,K02000001,2020-06-21,54,40142
overview,United Kingdom,K02000001,2020-06-20,60,40088
overview,United Kingdom,K02000001,2020-06-19,52,40028
overview,United Kingdom,K02000001,2020-06-18,61,39976
overview,United Kingdom,K02000001,2020-06-17,58,39915
overview,United Kingdom,K02000001,2020-06-16,84,39857
overview,United Kingdom,K02000001,2020-06-15,70,39773
overview,United Kingdom,K02000001,2020-06-14,87,39703
overview,United Kingdom,K02000001,2020-06-13,62,39616
overview,United Kingdom,K02000001,2020-06-12,79,39554
overview,United Kingdom,K02000001,2020-06-11,80,39475
overview,United Kingdom,K02000001,2020-06-10,109,39395
overview,United Kingdom,K02000001,2020-06-09,90,39286
overview,United Kingdom,K02000001,2020-06-08,123,39196
overview,United Kingdom,K02000001,2020-06-07,126,39073
overview,United Kingdom,K02000001,2020-06-06,110,38947
overview,United Kingdom,K02000001,2020-06-05,122,38837
overview,United Kingdom,K02000001,2020-06-04,134,38715
overview,United Kingdom,K02000001,2020-06-03,155,38581
overview,United Kingdom,K02000001,2020-06-02,169,38426
overview,United Kingdom,K02000001,2020-06-01,135,38257
overview,United Kingdom,K02000001,2020-05-31,126,38122
overview,United Kingdom,K02000001,2020-05-30,163,37996
overview,United Kingdom,K02000001,2020-05-29,186,37833
overview,United Kingdom,K02000001,2020-05-28,217,37647
overview,United Kingdom,K02000001,2020-05-27,195,37430
overview,United Kingdom,K02000001,2020-05-26,211,37235
overview,United Kingdom,K02000001,2020-05-25,201,37024
overview,United Kingdom,K02000001,2020-05-24,195,36823
overview,United Kingdom,K02000001,2020-05-23,216,36628
overview,United Kingdom,K02000001,2020-05-22,222,36412
overview,United Kingdom,K02000001,2020-05-21,237,36190
overview,United Kingdom,K02000001,2020-05-20,268,35953
overview,United Kingdom,K02000001,2020-05-19,274,35685
overview,United Kingdom,K02000001,2020-05-18,293,35411
overview,United Kingdom,K02000001,2020-05-17,266,35118
overview,United Kingdom,K02000001,2020-05-16,314,34852
overview,United Kingdom,K02000001,2020-05-15,311,34538
overview,United Kingdom,K02000001,2020-05-14,334,34227
overview,United Kingdom,K02000001,2020-05-13,315,33893
overview,United Kingdom,K02000001,2020-05-12,319,33578
overview,United Kingdom,K02000001,2020-05-11,308,33259
overview,United Kingdom,K02000001,2020-05-10,347,32951
overview,United Kingdom,K02000001,2020-05-09,378,32604
overview,United Kingdom,K02000001,2020-05-08,381,32226
overview,United Kingdom,K02000001,2020-05-07,459,31845
overview,United Kingdom,K02000001,2020-05-06,461,31386
overview,United Kingdom,K02000001,2020-05-05,463,30925
overview,United Kingdom,K02000001,2020-05-04,483,30462
overview,United Kingdom,K02000001,2020-05-03,449,29979
overview,United Kingdom,K02000001,2020-05-02,493,29530
overview,United Kingdom,K02000001,2020-05-01,567,29037
overview,United Kingdom,K02000001,2020-04-30,548,28470
overview,United Kingdom,K02000001,2020-04-29,570,27922
overview,United Kingdom,K02000001,2020-04-28,559,27352
overview,United Kingdom,K02000001,2020-04-27,595,26793
overview,United Kingdom,K02000001,2020-04-26,631,26198
overview,United Kingdom,K02000001,2020-04-25,646,25567
overview,United Kingdom,K02000001,2020-04-24,682,24921
overview,United Kingdom,K02000001,2020-04-23,674,24239
overview,United Kingdom,K02000001,2020-04-22,728,23565
overview,United Kingdom,K02000001,2020-04-21,741,22837
overview,United Kingdom,K02000001,2020-04-20,782,22096
overview,United Kingdom,K02000001,2020-04-19,762,21314
overview,United Kingdom,K02000001,2020-04-18,799,20552
overview,United Kingdom,K02000001,2020-04-17,819,19753
overview,United Kingdom,K02000001,2020-04-16,837,18934
overview,United Kingdom,K02000001,2020-04-15,878,18097
overview,United Kingdom,K02000001,2020-04-14,859,17219
overview,United Kingdom,K02000001,2020-04-13,893,16360
overview,United Kingdom,K02000001,2020-04-12,956,15467
overview,United Kingdom,K02000001,2020-04-11,955,14511
overview,United Kingdom,K02000001,2020-04-10,941,13556
overview,United Kingdom,K02000001,2020-04-09,998,12615
overview,United Kingdom,K02000001,2020-04-08,1073,11617
overview,United Kingdom,K02000001,2020-04-07,997,10544
overview,United Kingdom,K02000001,2020-04-06,893,9547
overview,United Kingdom,K02000001,2020-04-05,914,8654
overview,United Kingdom,K02000001,2020-04-04,904,7740
overview,United Kingdom,K02000001,2020-04-03,839,6836
overview,United Kingdom,K02000001,2020-04-02,805,5997
overview,United Kingdom,K02000001,2020-04-01,767,5192
overview,United Kingdom,K02000001,2020-03-31,661,4425
overview,United Kingdom,K02000001,2020-03-30,585,3764
overview,United Kingdom,K02000001,2020-03-29,507,3179
overview,United Kingdom,K02000001,2020-03-28,436,2672
overview,United Kingdom,K02000001,2020-03-27,399,2236
overview,United Kingdom,K02000001,2020-03-26,359,1837
overview,United Kingdom,K02000001,2020-03-25,302,1478
overview,United Kingdom,K02000001,2020-03-24,237,1176
overview,United Kingdom,K02000001,2020-03-23,186,939
overview,United Kingdom,K02000001,2020-03-22,165,753
overview,United Kingdom,K02000001,2020-03-21,131,588
overview,United Kingdom,K02000001,2020-03-20,109,457
overview,United Kingdom,K02000001,2020-03-19,74,348
overview,United Kingdom,K02000001,2020-03-18,68,274
overview,United Kingdom,K02000001,2020-03-17,52,206
overview,United Kingdom,K02000001,2020-03-16,46,154
overview,United Kingdom,K02000001,2020-03-15,32,108
overview,United Kingdom,K02000001,2020-03-14,22,76
overview,United Kingdom,K02000001,2020-03-13,16,54
overview,United Kingdom,K02000001,2020-03-12,13,38
overview,United Kingdom,K02000001,2020-03-11,8,25
overview,United Kingdom,K02000001,2020-03-10,3,17
overview,United Kingdom,K02000001,2020-03-09,5,14
overview,United Kingdom,K02000001,2020-03-08,3,9
overview,United Kingdom,K02000001,2020-03-07,0,6
overview,United Kingdom,K02000001,2020-03-06,0,6
overview,United Kingdom,K02000001,2020-03-05,3,6
overview,United Kingdom,K02000001,2020-03-04,0,3
overview,United Kingdom,K02000001,2020-03-03,2,3
overview,United Kingdom,K02000001,2020-03-02,1,1
overview,United Kingdom,K02000001,2020-03-01,0,0
overview,United Kingdom,K02000001,2020-02-29,0,0
