areaType,areaName,areaCode,date,newCasesBySpecimenDate,cumCasesBySpecimenDate
overview,United Kingdom,K02000001,2021-03-08,2322,4228998
overview,United Kingdom,K02000001,2021-03-07,3779,4226676
overview,United Kingdom,K02000001,2021-03-06,4233,4222897
overview,United Kingdom,K02000001,2021-03-05,5320,4218664
overview,United Kingdom,K02000001,2021-03-04,5753,4213344
overview,United Kingdom,K02000001,2021-03-03,5998,4207591
overview,United Kingdom,K02000001,2021-03-02,6664,4201593
overview,United Kingdom,K02000001,2021-03-01,6934,4194929
overview,United Kingdom,K02000001,2021-02-28,4745,4187995
overview,United Kingdom,K02000001,2021-02-27,4837,4183250
overview,United Kingdom,K02000001,2021-02-26,6608,4178413
overview,United Kingdom,K02000001,2021-02-25,7766,4171805
overview,United Kingdom,K02000001,2021-02-24,8556,4164039
overview,United Kingdom,K02000001,2021-02-23,9443,4155483
overview,United Kingdom,K02000001,2021-02-22,11335,4146040
overview,United Kingdom,K02000001,2021-02-21,7903,4134705
overview,United Kingdom,K02000001,2021-02-20,8077,4126802
overview,United Kingdom,K02000001,2021-02-19,10428,4118725
overview,United Kingdom,K02000001,2021-02-18,11433,4108297
overview,United Kingdom,K02000001,2021-02-17,11596,4096864
overview,United Kingdom,K02000001,2021-02-16,12517,4085268
overview,United Kingdom,K02000001,2021-02-15,14321,4072751
overview,United Kingdom,K02000001,2021-02-14,8798,4058430
overview,United Kingdom,K02000001,2021-02-13,8790,4049632
overview,United Kingdom,K02000001,2021-02-12,12194,4040842
overview,United Kingdom,K02000001,2021-02-11,12811,4028648
overview,United Kingdom,K02000001,2021-02-10,13539,4015837
overview,United Kingdom,K02000001,2021-02-09,13856,4002298
overview,United Kingdom,K02000001,2021-02-08,15793,3988442
overview,United Kingdom,K02000001,2021-02-07,11419,3972649
overview,United Kingdom,K02000001,2021-02-06,11978,3961230
overview,United Kingdom,K02000001,2021-02-05,15909,3949252
overview,United Kingdom,K02000001,2021-02-04,18035,3933343
overview,United Kingdom,K02000001,2021-02-03,19468,3915308
overview,United Kingdom,K02000001,2021-02-02,19825,3895840
overview,United Kingdom,K02000001,2021-02-01,22423,3876015
overview,United Kingdom,K02000001,2021-01-31,15442,3853592
overview,United Kingdom,K02000001,2021-01-30,16685,3838150
overview,United Kingdom,K02000001,2021-01-29,21825,3821465
overview,United Kingdom,K02000001,2021-01-28,24115,3799640
overview,United Kingdom,K02000001,2021-01-27,25744,3775525
overview,United Kingdom,K02000001,2021-01-26,27044,3749781
overview,United Kingdom,K02000001,2021-01-25,29989,3722737
overview,United Kingdom,K02000001,2021-01-24,17198,3692748
overview,United Kingdom,K02000001,2021-01-23,21862,3675550
overview,United Kingdom,K02000001,2021-01-22,29608,3653688
overview,United Kingdom,K02000001,2021-01-21,31722,3624080
overview,United Kingdom,K02000001,2021-01-20,35162,3592358
overview,United Kingdom,K02000001,2021-01-19,39546,3557196
overview,United Kingdom,K02000001,2021-01-18,44845,3517650
overview,United Kingdom,K02000001,2021-01-17,28880,3472805
overview,United Kingdom,K02000001,2021-01-16,30554,3443925
overview,United Kingdom,K02000001,2021-01-15,40444,3413371
overview,United Kingdom,K02000001,2021-01-14,42434,3372927
overview,United Kingdom,K02000001,2021-01-13,45449,3330493
overview,United Kingdom,K02000001,2021-01-12,49455,3285044
overview,United Kingdom,K02000001,2021-01-11,57211,3235589
overview,United Kingdom,K02000001,2021-01-10,36363,3178378
overview,United Kingdom,K02000001,2021-01-09,39108,3142015
overview,United Kingdom,K02000001,2021-01-08,47069,3102907
overview,United Kingdom,K02000001,2021-01-07,51980,3055838
overview,United Kingdom,K02000001,2021-01-06,57438,3003858
overview,United Kingdom,K02000001,2021-01-05,65163,2946420
overview,United Kingdom,K02000001,2021-01-04,76203,2881257
overview,United Kingdom,K02000001,2021-01-03,55203,2805054
overview,United Kingdom,K02000001,2021-01-02,60447,2749851
overview,United Kingdom,K02000001,2021-01-01,31857,2689404
overview,United Kingdom,K02000001,2020-12-31,52831,2657547
overview,United Kingdom,K02000001,2020-12-30,70822,2604716
overview,United Kingdom,K02000001,2020-12-29,81572,2533894
overview,United Kingdom,K02000001,2020-12-28,45620,2452322
overview,United Kingdom,K02000001,2020-12-27,47758,2406702
overview,United Kingdom,K02000001,2020-12-26,40370,2358944
overview,United Kingdom,K02000001,2020-12-25,14180,2318574
overview,United Kingdom,K02000001,2020-12-24,31851,2304394
overview,United Kingdom,K02000001,2020-12-23,42283,2272543
overview,United Kingdom,K02000001,2020-12-22,45704,2230260
overview,United Kingdom,K02000001,2020-12-21,47414,2184556
overview,United Kingdom,K02000001,2020-12-20,32481,2137142
overview,United Kingdom,K02000001,2020-12-19,25163,2104661
overview,United Kingdom,K02000001,2020-12-18,35855,2079498
overview,United Kingdom,K02000001,2020-12-17,33898,2043643
overview,United Kingdom,K02000001,2020-12-16,34946,2009745
overview,United Kingdom,K02000001,2020-12-15,33877,1974799
overview,United Kingdom,K02000001,2020-12-14,34746,1940922
overview,United Kingdom,K02000001,2020-12-13,21988,1906176
overview,United Kingdom,K02000001,2020-12-12,19362,1884188
overview,United Kingdom,K02000001,2020-12-11,24093,1864826
overview,United Kingdom,K02000001,2020-12-10,22636,1840733
overview,United Kingdom,K02000001,2020-12-09,21651,1818097
overview,United Kingdom,K02000001,2020-12-08,20803,1796446
overview,United Kingdom,K02000001,2020-12-07,21359,1775643
overview,United Kingdom,K02000001,2020-12-06,13613,1754284
overview,United Kingdom,K02000001,2020-12-05,12793,1740671
overview,United Kingdom,K02000001,2020-12-04,15704,1727878
overview,United Kingdom,K02000001,2020-12-03,15658,1712174
overview,United Kingdom,K02000001,2020-12-02,16466,1696516
overview,United Kingdom,K02000001,2020-12-01,16464,1680050
overview,United Kingdom,K02000001,2020-11-30,18032,1663586
overview,United Kingdom,K02000001,2020-11-29,10688,1645554
overview,United Kingdom,K02000001,2020-11-28,10965,1634866
overview,United Kingdom,K02000001,2020-11-27,14386,1623901
overview,United Kingdom,K02000001,2020-11-26,14569,1609515
overview,United Kingdom,K02000001,2020-11-25,16610,1594946
overview,United Kingdom,K02000001,2020-11-24,16457,1578336
overview,United Kingdom,K02000001,2020-11-23,18771,1561879
overview,United Kingdom,K02000001,2020-11-22,11736,1543108
overview,United Kingdom,K02000001,2020-11-21,12355,1531372
overview,United Kingdom,K02000001,2020-11-20,16860,1519017
overview,United Kingdom,K02000001,2020-11-19,17758,1502157
overview,United Kingdom,K02000001,2020-11-18,20774,1484399
overview,United Kingdom,K02000001,2020-11-17,23182,1463625
overview,United Kingdom,K02000001,2020-11-16,26573,1440443
overview,United Kingdom,K02000001,2020-11-15,16041,1413870
overview,United Kingdom,K02000001,2020-11-14,18002,1397829
overview,United Kingdom,K02000001,2020-11-13,24057,1379827
overview,United Kingdom,K02000001,2020-11-12,24483,1355770
overview,United Kingdom,K02000001,2020-11-11,27367,1331287
overview,United Kingdom,K02000001,2020-11-10,27435,1303920
overview,United Kingdom,K02000001,2020-11-09,31060,1276485
overview,United Kingdom,K02000001,2020-11-08,19965,1245425
overview,United Kingdom,K02000001,2020-11-07,18533,1225460
overview,United Kingdom,K02000001,2020-11-06,23337,1206927
overview,United Kingdom,K02000001,2020-11-05,23749,1183590
overview,United Kingdom,K02000001,2020-11-04,23688,1159841
overview,United Kingdom,K02000001,2020-11-03,25604,1136153
overview,United Kingdom,K02000001,2020-11-02,31516,1110549
overview,United Kingdom,K02000001,2020-11-01,15761,1079033
overview,United Kingdom,K02000001,2020-10-31,16495,1063272
overview,United Kingdom,K02000001,2020-10-30,22686,1046777
overview,United Kingdom,K02000001,2020-10-29,23356,1024091
overview,United Kingdom,K02000001,2020-10-28,23621,1000735
overview,United Kingdom,K02000001,2020-10-27,24104,977114
overview,United Kingdom,K02000001,2020-10-26,26561,953010
overview,United Kingdom,K02000001,2020-10-25,15729,926449
overview,United Kingdom,K02000001,2020-10-24,16244,910720
overview,United Kingdom,K02000001,2020-10-23,21484,894476
overview,United Kingdom,K02000001,2020-10-22,23258,872992
overview,United Kingdom,K02000001,2020-10-21,25470,849734
overview,United Kingdom,K02000001,2020-10-20,25325,824264
overview,United Kingdom,K02000001,2020-10-19,25624,798939
overview,United Kingdom,K02000001,2020-10-18,14195,773315
overview,United Kingdom,K02000001,2020-10-17,14775,759120
overview,United Kingdom,K02000001,2020-10-16,17733,744345
overview,United Kingdom,K02000001,2020-10-15,18444,726612
overview,United Kingdom,K02000001,2020-10-14,19709,708168
overview,United Kingdom,K02000001,2020-10-13,18913,688459
overview,United Kingdom,K02000001,2020-10-12,19449,669546
overview,United Kingdom,K02000001,2020-10-11,12076,650097
overview,United Kingdom,K02000001,2020-10-10,12516,638021
overview,United Kingdom,K02000001,2020-10-09,15732,625505
overview,United Kingdom,K02000001,2020-10-08,18249,609773
overview,United Kingdom,K02000001,2020-10-07,18339,591524
overview,United Kingdom,K02000001,2020-10-06,17066,573185
overview,United Kingdom,K02000001,2020-10-05,16553,556119
overview,United Kingdom,K02000001,2020-10-04,11806,539566
overview,United Kingdom,K02000001,2020-10-03,11547,527760
overview,United Kingdom,K02000001,2020-10-02,13694,516213
overview,United Kingdom,K02000001,2020-10-01,13195,502519
overview,United Kingdom,K02000001,2020-09-30,12560,489324
overview,United Kingdom,K02000001,2020-09-29,10237,476764
overview,United Kingdom,K02000001,2020-09-28,9926,466527
overview,United Kingdom,K02000001,2020-09-27,6974,456601
overview,United Kingdom,K02000001,2020-09-26,6765,449627
overview,United Kingdom,K02000001,2020-09-25,7252,442862
overview,United Kingdom,K02000001,2020-09-24,7607,435610
overview,United Kingdom,K02000001,2020-09-23,7062,428003
overview,United Kingdom,K02000001,2020-09-22,6412,420941
overview,United Kingdom,K02000001,2020-09-21,5602,414529
overview,United Kingdom,K02000001,2020-09-20,5323,408927
overview,United Kingdom,K02000001,2020-09-19,4856,403604
overview,United Kingdom,K02000001,2020-09-18,4958,398748
overview,United Kingdom,K02000001,2020-09-17,4636,393790
overview,United Kingdom,K02000001,2020-09-16,4366,389154
overview,United Kingdom,K02000001,2020-09-15,3554,384788
overview,United Kingdom,K02000001,2020-09-14,3398,381234
overview,United Kingdom,K02000001,2020-09-13,2144,377836
overview,United Kingdom,K02000001,2020-09-12,2673,375692
overview,United Kingdom,K02000001,2020-09-11,3289,373019
overview,United Kingdom,K02000001,2020-09-10,3597,369730
overview,United Kingdom,K02000001,2020-09-09,3331,366133
overview,United Kingdom,K02000001,2020-09-08,3306,362802
overview,United Kingdom,K02000001,2020-09-07,3862,359496
overview,United Kingdom,K02000001,2020-09-06,2450,355634
overview,United Kingdom,K02000001,2020-09-05,2545,353184
overview,United Kingdom,K02000001,2020-09-04,3040,350639
overview,United Kingdom,K02000001,2020-09-03,3099,347599
overview,United Kingdom,K02000001,2020-09-02,2995,344500
overview,United Kingdom,K02000001,2020-09-01,2248,341505
overview,United Kingdom,K02000001,2020-08-31,1500,339257
overview,United Kingdom,K02000001,2020-08-30,1160,337757
overview,United Kingdom,K02000001,2020-08-29,1222,336597
overview,United Kingdom,K02000001,2020-08-28,1625,335375
overview,United Kingdom,K02000001,2020-08-27,1551,333750
overview,United Kingdom,K02000001,2020-08-26,1350,332199
overview,United Kingdom,K02000001,2020-08-25,1247,330849
overview,United Kingdom,K02000001,2020-08-24,1270,329602
overview,United Kingdom,K02000001,2020-08-23,823,328332
overview,United Kingdom,K02000001,2020-08-22,827,327509
overview,United Kingdom,K02000001,2020-08-21,1201,326682
overview,United Kingdom,K02000001,2020-08-20,1463,325481
overview,United Kingdom,K02000001,2020-08-19,1240,324018
overview,United Kingdom,K02000001,2020-08-18,1084,322778
overview,United Kingdom,K02000001,2020-08-17,1284,321694
overview,United Kingdom,K02000001,2020-08-16,601,320410
overview,United Kingdom,K02000001,2020-08-15,695,319809
overview,United Kingdom,K02000001,2020-08-14,1160,319114
overview,United Kingdom,K02000001,2020-08-13,1146,317954
overview,United Kingdom,K02000001,2020-08-12,1207,316808
overview,United Kingdom,K02000001,2020-08-11,1340,315601
overview,United Kingdom,K02000001,2020-08-10,1473,314261
overview,United Kingdom,K02000001,2020-08-09,616,312788
overview,United Kingdom,K02000001,2020-08-08,695,312172
overview,United Kingdom,K02000001,2020-08-07,943,311477
overview,United Kingdom,K02000001,2020-08-06,1084,310534
overview,United Kingdom,K02000001,2020-08-05,1060,309450
overview,United Kingdom,K02000001,2020-08-04,1018,308390
overview,United Kingdom,K02000001,2020-08-03,1041,307372
overview,United Kingdom,K02000001,2020-08-02,554,306331
overview,United Kingdom,K02000001,2020-08-01,542,305777
overview,United Kingdom,K02000001,2020-07-31,676,305235
overview,United Kingdom,K02000001,2020-07-30,922,304559
overview,United Kingdom,K02000001,2020-07-29,1040,303637
overview,United Kingdom,K02000001,2020-07-28,844,302597
overview,United Kingdom,K02000001,2020-07-27,857,301753
overview,United Kingdom,K02000001,2020-07-26,558,300896
overview,United Kingdom,K02000001,2020-07-25,523,300338
overview,United Kingdom,K02000001,2020-07-24,768,299815
overview,United Kingdom,K02000001,2020-07-23,799,299047
overview,United Kingdom,K02000001,2020-07-22,796,298248
overview,United Kingdom,K02000001,2020-07-21,782,297452
overview,United Kingdom,K02000001,2020-07-20,813,296670
overview,United Kingdom,K02000001,2020-07-19,443,295857
overview,United Kingdom,K02000001,2020-07-18,498,295414
overview,United Kingdom,K02000001,2020-07-17,580,294916
overview,United Kingdom,K02000001,2020-07-16,704,294336
overview,United Kingdom,K02000001,2020-07-15,774,293632
overview,United Kingdom,K02000001,2020-07-14,690,292858
overview,United Kingdom,K02000001,2020-07-13,734,292168
overview,United Kingdom,K02000001,2020-07-12,367,291434
overview,United Kingdom,K02000001,2020-07-11,446,291067
overview,United Kingdom,K02000001,2020-07-10,562,290621
overview,United Kingdom,K02000001,2020-07-09,716,290059
overview,United Kingdom,K02000001,2020-07-08,702,289343
overview,United Kingdom,K02000001,2020-07-07,604,288641
overview,United Kingdom,K02000001,2020-07-06,707,288037
overview,United Kingdom,K02000001,2020-07-05,556,287330
overview,United Kingdom,K02000001,2020-07-04,398,286774
overview,United Kingdom,K02000001,2020-07-03,568,286376
overview,United Kingdom,K02000001,2020-07-02,603,285808
overview,United Kingdom,K02000001,2020-07-01,648,285205
overview,United Kingdom,K02000001,2020-06-30,617,284557
overview,United Kingdom,K02000001,2020-06-29,726,283940
overview,United Kingdom,K02000001,2020-06-28,447,283214
overview,United Kingdom,K02000001,2020-06-27,651,282767
overview,United Kingdom,K02000001,2020-06-26,670,282116
overview,United Kingdom,K02000001,2020-06-25,721,281446
overview,United Kingdom,K02000001,2020-06-24,778,280725
overview,United Kingdom,K02000001,2020-06-23,886,279947
overview,United Kingdom,K02000001,2020-06-22,893,279061
overview,United Kingdom,K02000001,2020-06-21,639,278168
overview,United Kingdom,K02000001,2020-06-20,684,277529
overview,United Kingdom,K02000001,2020-06-19,983,276845
overview,United Kingdom,K02000001,2020-06-18,1027,275862
overview,United Kingdom,K02000001,2020-06-17,1013,274835
overview,United Kingdom,K02000001,2020-06-16,1103,273822
overview,United Kingdom,K02000001,2020-06-15,1047,272719
overview,United Kingdom,K02000001,2020-06-14,820,271672
overview,United Kingdom,K02000001,2020-06-13,887,270852
overview,United Kingdom,K02000001,2020-06-12,1054,269965
overview,United Kingdom,K02000001,2020-06-11,1013,268911
overview,United Kingdom,K02000001,2020-06-10,1193,267898
overview,United Kingdom,K02000001,2020-06-09,1159,266705
overview,United Kingdom,K02000001,2020-06-08,1092,265546
overview,United Kingdom,K02000001,2020-06-07,719,264454
overview,United Kingdom,K02000001,2020-06-06,805,263735
overview,United Kingdom,K02000001,2020-06-05,1123,262930
overview,United Kingdom,K02000001,2020-06-04,1251,261807
overview,United Kingdom,K02000001,2020-06-03,1361,260556
overview,United Kingdom,K02000001,2020-06-02,1489,259195
overview,United Kingdom,K02000001,2020-06-01,1441,257706
overview,United Kingdom,K02000001,2020-05-31,1081,256265
overview,United Kingdom,K02000001,2020-05-30,1121,255184
overview,United Kingdom,K02000001,2020-05-29,1526,254063
overview,United Kingdom,K02000001,2020-05-28,1759,252537
overview,United Kingdom,K02000001,2020-05-27,1830,250778
overview,United Kingdom,K02000001,2020-05-26,1663,248948
overview,United Kingdom,K02000001,2020-05-25,1620,247285
overview,United Kingdom,K02000001,2020-05-24,1364,245665
overview,United Kingdom,K02000001,2020-05-23,1528,244301
overview,United Kingdom,K02000001,2020-05-22,2057,242773
overview,United Kingdom,K02000001,2020-05-21,2573,240716
overview,United Kingdom,K02000001,2020-05-20,2708,238143
overview,United Kingdom,K02000001,2020-05-19,3058,235435
overview,United Kingdom,K02000001,2020-05-18,2583,232377
overview,United Kingdom,K02000001,2020-05-17,1835,229794
overview,United Kingdom,K02000001,2020-05-16,2082,227959
overview,United Kingdom,K02000001,2020-05-15,2531,225877
overview,United Kingdom,K02000001,2020-05-14,2629,223346
overview,United Kingdom,K02000001,2020-05-13,3309,220717
overview,United Kingdom,K02000001,2020-05-12,3394,217408
overview,United Kingdom,K02000001,2020-05-11,3576,214014
overview,United Kingdom,K02000001,2020-05-10,2323,210438
overview,United Kingdom,K02000001,2020-05-09,2161,208115
overview,United Kingdom,K02000001,2020-05-08,3059,205954
overview,United Kingdom,K02000001,2020-05-07,3768,202895
overview,United Kingdom,K02000001,2020-05-06,3821,199127
overview,United Kingdom,K02000001,2020-05-05,3672,195306
overview,United Kingdom,K02000001,2020-05-04,3383,191634
overview,United Kingdom,K02000001,2020-05-03,2977,188251
overview,United Kingdom,K02000001,2020-05-02,3234,185274
overview,United Kingdom,K02000001,2020-05-01,4730,182040
overview,United Kingdom,K02000001,2020-04-30,4958,177310
overview,United Kingdom,K02000001,2020-04-29,5426,172352
overview,United Kingdom,K02000001,2020-04-28,4724,166926
overview,United Kingdom,K02000001,2020-04-27,4700,162202
overview,United Kingdom,K02000001,2020-04-26,3470,157502
overview,United Kingdom,K02000001,2020-04-25,3745,154032
overview,United Kingdom,K02000001,2020-04-24,4951,150287
overview,United Kingdom,K02000001,2020-04-23,5145,145336
overview,United Kingdom,K02000001,2020-04-22,5495,140191
overview,United Kingdom,K02000001,2020-04-21,4765,134696
overview,United Kingdom,K02000001,2020-04-20,4853,129931
overview,United Kingdom,K02000001,2020-04-19,3860,125078
overview,United Kingdom,K02000001,2020-04-18,4710,121218
overview,United Kingdom,K02000001,2020-04-17,4943,116508
overview,United Kingdom,K02000001,2020-04-16,5277,111565
overview,United Kingdom,K02000001,2020-04-15,5045,106288
overview,United Kingdom,K02000001,2020-04-14,4305,101243
overview,United Kingdom,K02000001,2020-04-13,4170,96938
overview,United Kingdom,K02000001,2020-04-12,3485,92768
overview,United Kingdom,K02000001,2020-04-11,3562,89283
overview,United Kingdom,K02000001,2020-04-10,4311,85721
overview,United Kingdom,K02000001,2020-04-09,4855,81410
overview,United Kingdom,K02000001,2020-04-08,5115,76555
overview,United Kingdom,K02000001,2020-04-07,5435,71440
overview,United Kingdom,K02000001,2020-04-06,5271,66005
overview,United Kingdom,K02000001,2020-04-05,3589,60734
overview,United Kingdom,K02000001,2020-04-04,4007,57145
overview,United Kingdom,K02000001,2020-04-03,4889,53138
overview,United Kingdom,K02000001,2020-04-02,4864,48249
overview,United Kingdom,K02000001,2020-04-01,4945,43385
overview,United Kingdom,K02000001,2020-03-31,4510,38440
overview,United Kingdom,K02000001,2020-03-30,4268,33930
overview,United Kingdom,K02000001,2020-03-29,2856,29662
overview,United Kingdom,K02000001,2020-03-28,2819,26806
overview,United Kingdom,K02000001,2020-03-27,3185,23987
overview,United Kingdom,K02000001,2020-03-26,3091,20802
overview,United Kingdom,K02000001,2020-03-25,2692,17711
overview,United Kingdom,K02000001,2020-03-24,2377,15019
overview,United Kingdom,K02000001,2020-03-23,2326,12642
overview,United Kingdom,K02000001,2020-03-22,1375,10316
overview,United Kingdom,K02000001,2020-03-21,1195,8941
overview,United Kingdom,K02000001,2020-03-20,1256,7746
overview,United Kingdom,K02000001,2020-03-19,1052,6490
overview,United Kingdom,K02000001,2020-03-18,998,5438
overview,United Kingdom,K02000001,2020-03-17,769,4440
overview,United Kingdom,K02000001,2020-03-16,611,3671
overview,United Kingdom,K02000001,2020-03-15,442,3060
overview,United Kingdom,K02000001,2020-03-14,363,2618
overview,United Kingdom,K02000001,2020-03-13,480,2255
overview,United Kingdom,K02000001,2020-03-12,481,1775
overview,United Kingdom,K02000001,2020-03-11,405,1294
overview,United Kingdom,K02000001,2020-03-10,265,889
overview,United Kingdom,K02000001,2020-03-09,147,624
overview,United Kingdom,K02000001,2020-03-08,57,477
overview,United Kingdom,K02000001,2020-03-07,68,420
overview,United Kingdom,K02000001,2020-03-06,81,352
overview,United Kingdom,K02000001,2020-03-05,50,271
overview,United Kingdom,K02000001,2020-03-04,56,221
overview,United Kingdom,K02000001,2020-03-03,57,165
overview,United Kingdom,K02000001,2020-03-02,39,108
overview,United Kingdom,K02000001,2020-03-01,22,69
overview,United Kingdom,K02000001,2020-02-29,5,47
overview,United Kingdom,K02000001,2020-02-28,12,42
overview,United Kingdom,K02000001,2020-02-27,8,30
overview,United Kingdom,K02000001,2020-02-26,4,22
overview,United Kingdom,K02000001,2020-02-25,5,18
overview,United Kingdom,K02000001,2020-02-24,2,13
overview,United Kingdom,K02000001,2020-02-23,1,11
overview,United Kingdom,K02000001,2020-02-22,0,10
overview,United Kingdom,K02000001,2020-02-21,1,10
overview,United Kingdom,K02000001,2020-02-20,0,9
overview,United Kingdom,K02000001,2020-02-19,0,9
overview,United Kingdom,K02000001,2020-02-18,0,9
overview,United Kingdom,K02000001,2020-02-17,0,9
overview,United Kingdom,K02000001,2020-02-16,0,9
overview,United Kingdom,K02000001,2020-02-15,0,9
overview,United Kingdom,K02000001,2020-02-14,0,9
overview,United Kingdom,K02000001,2020-02-13,0,9
overview,United Kingdom,K02000001,2020-02-12,0,9
overview,United Kingdom,K02000001,2020-02-11,1,9
overview,United Kingdom,K02000001,2020-02-10,0,8
overview,United Kingdom,K02000001,2020-02-09,1,8
overview,United Kingdom,K02000001,2020-02-08,4,7
overview,United Kingdom,K02000001,2020-02-07,0,3
overview,United Kingdom,K02000001,2020-02-06,0,3
overview,United Kingdom,K02000001,2020-02-05,1,3
overview,United Kingdom,K02000001,2020-02-04,0,2
overview,United Kingdom,K02000001,2020-02-03,0,2
overview,United Kingdom,K02000001,2020-02-02,0,2
overview,United Kingdom,K02000001,2020-02-01,0,2
overview,United Kingdom,K02000001,2020-01-31,0,2
overview,United Kingdom,K02000001,2020-01-30,2,2
